[gd_scene load_steps=20 format=3 uid="uid://cfmoc3p6nmogg"]

[ext_resource type="Environment" uid="uid://dya4i06kltfbw" path="res://environments/forest.tres" id="1_kpodi"]
[ext_resource type="PackedScene" uid="uid://cu3wtrebnb1dy" path="res://prefabs/player/player.tscn" id="2_0h6dd"]
[ext_resource type="PackedScene" uid="uid://bvovyd3vok26a" path="res://assets/models/world_forest/forest_ground.glb" id="3_quggn"]
[ext_resource type="PackedScene" uid="uid://cop8ri8q0c6ng" path="res://assets/models/world_forest/tree.glb" id="4_hj0wm"]
[ext_resource type="PackedScene" uid="uid://bgha62tjn7p3e" path="res://prefabs/world_forest/branch_big_b.tscn" id="6_opeww"]
[ext_resource type="PackedScene" uid="uid://b48vskui1txdg" path="res://prefabs/world_forest/branch_big_c.tscn" id="7_acfbv"]
[ext_resource type="PackedScene" uid="uid://b0fkgrgn7ysak" path="res://prefabs/world_forest/branch_big_a.tscn" id="7_jth4y"]
[ext_resource type="PackedScene" uid="uid://bg0sdvg65qd5g" path="res://assets/models/world_forest/plant_a.glb" id="8_vnqwc"]
[ext_resource type="PackedScene" uid="uid://dd7taa1y6rnde" path="res://assets/models/world_forest/plant_b.glb" id="9_ltvp3"]
[ext_resource type="PackedScene" uid="uid://dsdvuw8q8m068" path="res://assets/models/Landscapes/landscape_a.glb" id="10_hsl43"]
[ext_resource type="PackedScene" uid="uid://bcx36xhin580x" path="res://assets/models/world_forest/bridge_branch_a.glb" id="12_bskbt"]
[ext_resource type="PackedScene" uid="uid://x8lackxx5yev" path="res://assets/models/world_forest/bridge_branch_b.glb" id="13_kvija"]
[ext_resource type="PackedScene" uid="uid://cp0eqeuirl42t" path="res://assets/models/world_forest/bridge_branch_c.glb" id="14_rsk3w"]
[ext_resource type="PackedScene" uid="uid://br28m3haa2ylb" path="res://prefabs/world_forest/light_plant.tscn" id="15_0kmjh"]
[ext_resource type="PackedScene" uid="uid://deepqk5wgdegl" path="res://prefabs/world_forest/forest_god.tscn" id="15_iupkp"]
[ext_resource type="Script" path="res://scripts/environment_area.gd" id="16_d2j8p"]
[ext_resource type="PackedScene" uid="uid://d3322b1hemwnc" path="res://prefabs/world_forest/tree_tunnel.tscn" id="18_h042b"]
[ext_resource type="PackedScene" uid="uid://mpqpbbdurix7" path="res://prefabs/world_forest/forest_temple.tscn" id="18_ht1vt"]

[sub_resource type="BoxShape3D" id="BoxShape3D_u442v"]
size = Vector3(126.387, 619.584, 78.7616)

[node name="WorldForest" type="Node3D"]

[node name="Player" parent="." instance=ExtResource("2_0h6dd")]
transform = Transform3D(-4.37114e-08, 0, 1, 0, 1, 0, -1, 0, -4.37114e-08, 3.42326, 154.394, 20.0632)

[node name="ForestEnvironment" type="WorldEnvironment" parent="."]
environment = ExtResource("1_kpodi")

[node name="DirectionalLight3D" type="DirectionalLight3D" parent="."]
transform = Transform3D(0.70188, 0.654936, 0.280043, -0.712296, 0.645359, 0.275948, 0, -0.393156, 0.919472, 44.9459, 45.9515, -219.735)
light_energy = 4.0
shadow_enabled = true
directional_shadow_mode = 0
directional_shadow_split_1 = 0.229
directional_shadow_blend_splits = true
directional_shadow_max_distance = 300.0

[node name="forest_ground" parent="." instance=ExtResource("3_quggn")]

[node name="tree" parent="." instance=ExtResource("4_hj0wm")]

[node name="TunnelLight" type="OmniLight3D" parent="tree"]
transform = Transform3D(1, 0, 0, 0, 1, 0, 0, 0, 1, -2.43726, 161.936, 1.0227)
light_color = Color(1, 0.909804, 0.505882, 1)
light_energy = 16.0
shadow_enabled = true
omni_range = 22.6801

[node name="BranchesBig" type="Node3D" parent="."]
transform = Transform3D(1, 0, 0, 0, 1, 0, 0, 0, 1, 0, 243.055, 0)

[node name="BranchBig_a_01" parent="BranchesBig" instance=ExtResource("7_jth4y")]
transform = Transform3D(34.5006, 25.4842, 105.943, -58.218, 98.2471, -4.67403, -92.1089, -52.5523, 42.6368, -25.639, 1.98364, 26.1412)

[node name="BranchBig_a_02" parent="BranchesBig" instance=ExtResource("7_jth4y")]
transform = Transform3D(-37.7034, 5.93755, 72.9147, -60.7037, -48.318, -27.4548, 40.827, -66.3585, 26.5149, 14.4907, 7.75793, -22.1417)

[node name="BranchBig_b_01" parent="BranchesBig" instance=ExtResource("6_opeww")]
transform = Transform3D(99.7193, 55.8842, -24.3808, -54.2852, 102.657, 13.2724, 27.7594, 0, 113.538, -28.5446, -13.1755, -26.8712)

[node name="BranchBig_b_02" parent="BranchesBig" instance=ExtResource("6_opeww")]
transform = Transform3D(-94.283, 36.4952, -58.6534, -20.449, -109.537, -35.2845, -65.9845, -18.2006, 94.7427, 32.3369, -16.0879, -5.86396)

[node name="BranchBig_c" parent="BranchesBig" instance=ExtResource("7_acfbv")]
transform = Transform3D(-7.80972, 47.3829, 26.3342, -23.2376, 21.1114, -44.877, -48.9759, -17.5724, 17.0935, 15.1563, -16.9622, 22.3144)

[node name="BranchBig_c2" parent="BranchesBig" instance=ExtResource("7_acfbv")]
transform = Transform3D(-18.38, 68.707, 7.08275, -68.7247, -17.4584, -8.98622, -6.90826, -9.12109, 70.553, 3.33737, 7.87296, 21.4794)

[node name="Plants" type="Node3D" parent="."]

[node name="plant_a_01" parent="Plants" instance=ExtResource("8_vnqwc")]
transform = Transform3D(1, 0, 0, 0, 1, 0, 0, 0, 1, 168.983, 42.1249, 0)

[node name="plant_a_19" parent="Plants" instance=ExtResource("8_vnqwc")]
transform = Transform3D(1, 0, 0, 0, 1, 0, 0, 0, 1, 55.2561, 33.3214, -236.002)

[node name="plant_a_21" parent="Plants" instance=ExtResource("8_vnqwc")]
transform = Transform3D(1.2557, 0, 0.336465, 0, 1.3, 0, -0.336465, 0, 1.2557, -12.734, 13, -315.502)

[node name="plant_a_22" parent="Plants" instance=ExtResource("8_vnqwc")]
transform = Transform3D(-0.455, 0, -0.788083, 0, 0.91, 0, 0.788083, 0, -0.455, -67.0736, 15.3, -284.164)

[node name="plant_a_23" parent="Plants" instance=ExtResource("8_vnqwc")]
transform = Transform3D(-0.637, 0, 8.9407e-08, 0, 0.637, 0, -8.9407e-08, 0, -0.637, -13.7183, 21.6, -276.475)

[node name="plant_a_20" parent="Plants" instance=ExtResource("8_vnqwc")]
transform = Transform3D(1, 0, 0, 0, 1, 0, 0, 0, 1, -43.5076, 6.81847, -173.259)

[node name="plant_a_02" parent="Plants" instance=ExtResource("8_vnqwc")]
transform = Transform3D(3.04676, 0, 0, 0, 3.04676, 0, 0, 0, 3.04676, 128.854, 41.5608, 51.6674)

[node name="plant_a_03" parent="Plants" instance=ExtResource("8_vnqwc")]
transform = Transform3D(4.88322, 0, 2.81933, 0, 5.63866, 0, -2.81933, 0, 4.88322, 128.854, 12.1529, 324.228)

[node name="plant_a_05" parent="Plants" instance=ExtResource("8_vnqwc")]
transform = Transform3D(2.81933, 0, 4.88322, 0, 5.63866, 0, -4.88322, 0, 2.81933, 427.377, 2.13362, -218.644)

[node name="plant_a_06" parent="Plants" instance=ExtResource("8_vnqwc")]
transform = Transform3D(4.88322, 0, 2.81933, 0, 5.63866, 0, -2.81933, 0, 4.88322, 221.969, 2.35156, -432.542)

[node name="plant_a_07" parent="Plants" instance=ExtResource("8_vnqwc")]
transform = Transform3D(5.63866, 0, 0, 0, 5.63866, 0, 0, 0, 5.63866, -81.8224, 0.0281162, -432.542)

[node name="plant_a_08" parent="Plants" instance=ExtResource("8_vnqwc")]
transform = Transform3D(4.88322, 0, 2.81933, 0, 5.63866, 0, -2.81933, 0, 4.88322, -333.595, 2.63981, -352.682)

[node name="plant_a_09" parent="Plants" instance=ExtResource("8_vnqwc")]
transform = Transform3D(2.81933, 0, 4.88322, 0, 5.63866, 0, -4.88322, 0, 2.81933, -285.05, 23.5608, -135.669)

[node name="plant_a_10" parent="Plants" instance=ExtResource("8_vnqwc")]
transform = Transform3D(4.88322, 0, 2.81933, 0, 5.63866, 0, -2.81933, 0, 4.88322, -427.174, -3.66043, 186.798)

[node name="plant_a_11" parent="Plants" instance=ExtResource("8_vnqwc")]
transform = Transform3D(5.63866, 0, 0, 0, 5.63866, 0, 0, 0, 5.63866, -301.899, 0.90551, 368.701)

[node name="plant_a_12" parent="Plants" instance=ExtResource("8_vnqwc")]
transform = Transform3D(3.27514, 0, 0, 0, 3.27514, 0, 0, 0, 3.27514, -201.817, 19.8421, 296.626)

[node name="plant_a_42" parent="Plants" instance=ExtResource("8_vnqwc")]
transform = Transform3D(1.45577, 0, 2.15146, 0, 2.5977, 0, -2.15146, 0, 1.45577, 21.2211, 19.3525, 339.337)

[node name="plant_a_13" parent="Plants" instance=ExtResource("8_vnqwc")]
transform = Transform3D(3.27514, 0, 0, 0, 3.27514, 0, 0, 0, 3.27514, -348.124, 7.83261, 37.16)

[node name="plant_a_14" parent="Plants" instance=ExtResource("8_vnqwc")]
transform = Transform3D(3.27514, 0, 0, 0, 3.27514, 0, 0, 0, 3.27514, -365.336, -1.35592, -269.177)

[node name="plant_a_15" parent="Plants" instance=ExtResource("8_vnqwc")]
transform = Transform3D(3.27514, 0, 0, 0, 3.27514, 0, 0, 0, 3.27514, -155.246, 3.01215, -340.898)

[node name="plant_a_16" parent="Plants" instance=ExtResource("8_vnqwc")]
transform = Transform3D(3.27514, 0, 0, 0, 3.27514, 0, 0, 0, 3.27514, 16.4801, 22.4726, -295.636)

[node name="plant_a_17" parent="Plants" instance=ExtResource("8_vnqwc")]
transform = Transform3D(3.27514, 0, 0, 0, 3.27514, 0, 0, 0, 3.27514, 224.087, 16.9459, -243.875)

[node name="plant_a_18" parent="Plants" instance=ExtResource("8_vnqwc")]
transform = Transform3D(3.27514, 0, 0, 0, 3.27514, 0, 0, 0, 3.27514, 300.614, 0.0229568, -9.43057)

[node name="plant_b_01" parent="Plants" instance=ExtResource("9_ltvp3")]
transform = Transform3D(0.954657, 0, -0.297708, 0, 1, 0, 0.297708, 0, 0.954657, -130.649, 12.8538, -272.867)

[node name="plant_b_16" parent="Plants" instance=ExtResource("9_ltvp3")]
transform = Transform3D(0.677903, 0, -0.735151, 0, 1, 0, 0.735151, 0, 0.677903, -47.12, 14.2, -302.231)

[node name="plant_b_17" parent="Plants" instance=ExtResource("9_ltvp3")]
transform = Transform3D(0.899262, 0, -0.0364324, 0, 0.9, 0, 0.0364324, 0, 0.899262, -28.6491, 18.1, -291.074)

[node name="plant_b_18" parent="Plants" instance=ExtResource("9_ltvp3")]
transform = Transform3D(-0.585312, 0, 1.1158, 0, 1.26, 0, -1.1158, 0, -0.585312, -38.6454, 17.6, -267.184)

[node name="plant_a_37" parent="Plants" instance=ExtResource("8_vnqwc")]
transform = Transform3D(1.2557, 0, 0.336465, 0, 1.3, 0, -0.336465, 0, 1.2557, -187.534, 22.7, -124.202)

[node name="plant_a_38" parent="Plants" instance=ExtResource("8_vnqwc")]
transform = Transform3D(-0.637, 0, 8.9407e-08, 0, 0.637, 0, -8.9407e-08, 0, -0.637, -188.518, 35.5, -85.1749)

[node name="plant_b_33" parent="Plants" instance=ExtResource("9_ltvp3")]
transform = Transform3D(0.954657, 0, -0.297708, 0, 1, 0, 0.297708, 0, 0.954657, -305.449, 22.5538, -81.567)

[node name="plant_b_34" parent="Plants" instance=ExtResource("9_ltvp3")]
transform = Transform3D(0.677903, 0, -0.735151, 0, 1, 0, 0.735151, 0, 0.677903, -221.92, 17.8, -110.931)

[node name="plant_b_35" parent="Plants" instance=ExtResource("9_ltvp3")]
transform = Transform3D(0.899262, 0, -0.0364324, 0, 0.9, 0, 0.0364324, 0, 0.899262, -203.449, 22.8, -99.7738)

[node name="plant_b_36" parent="Plants" instance=ExtResource("9_ltvp3")]
transform = Transform3D(-0.585312, 0, 1.1158, 0, 1.26, 0, -1.1158, 0, -0.585312, -213.445, 32.2, -75.884)

[node name="plant_a_24" parent="Plants" instance=ExtResource("8_vnqwc")]
transform = Transform3D(0.65, 0, 1.12583, 0, 1.3, 0, -1.12583, 0, 0.65, -63.2844, 15.0672, -152.144)

[node name="plant_a_25" parent="Plants" instance=ExtResource("8_vnqwc")]
transform = Transform3D(0.235525, 0, -0.878992, 0, 0.91, 0, 0.878992, 0, 0.235525, -57.4624, 23.7, -112.683)

[node name="plant_a_26" parent="Plants" instance=ExtResource("8_vnqwc")]
transform = Transform3D(-0.450427, 0, -0.450427, 0, 0.637, 0, 0.450427, 0, -0.450427, -39.7306, 19.5, -123.24)

[node name="plant_b_19" parent="Plants" instance=ExtResource("9_ltvp3")]
transform = Transform3D(0.99918, 0, -0.0404804, 0, 1, 0, 0.0404804, 0, 0.99918, -69.8462, 23.6, -125.001)

[node name="plant_b_20" parent="Plants" instance=ExtResource("9_ltvp3")]
transform = Transform3D(0.661636, 0, 0.610113, 0, 0.9, 0, -0.610113, 0, 0.661636, -52.7144, 21.7, -127.91)

[node name="plant_b_21" parent="Plants" instance=ExtResource("9_ltvp3")]
transform = Transform3D(-1.20287, 0, 0.375112, 0, 1.26, 0, -0.375112, 0, -1.20287, -39.0717, 19, -106.212)

[node name="plant_a_43" parent="Plants" instance=ExtResource("8_vnqwc")]
transform = Transform3D(0.424961, 0, 0.909342, 0, 1.00374, 0, -0.909342, 0, 0.424961, -64.0293, 9.2675, 15.6277)

[node name="plant_b_43" parent="Plants" instance=ExtResource("9_ltvp3")]
transform = Transform3D(-0.897423, 0, 0.818541, 0, 1.21465, 0, -0.818541, 0, -0.897423, -62.4752, 16.5918, 40.2523)

[node name="plant_b_44" parent="Plants" instance=ExtResource("9_ltvp3")]
transform = Transform3D(0.901265, 0, -1.40753, 0, 1.67135, 0, 1.40753, 0, 0.901265, -73.9438, 13.227, -1.15895)

[node name="plant_a_34" parent="Plants" instance=ExtResource("8_vnqwc")]
transform = Transform3D(-1.3, 0, -5.96046e-08, 0, 1.3, 0, 5.96046e-08, 0, -1.3, 82.19, 1.49525, -42.0041)

[node name="plant_a_35" parent="Plants" instance=ExtResource("8_vnqwc")]
transform = Transform3D(0.643467, 0, 0.643467, 0, 0.91, 0, -0.643467, 0, 0.643467, 97.9226, -0.400001, -80.3957)

[node name="plant_a_36" parent="Plants" instance=ExtResource("8_vnqwc")]
transform = Transform3D(0.615295, 0, -0.164868, 0, 0.637, 0, 0.164868, 0, 0.615295, 77.1855, -4.6, -88.139)

[node name="plant_b_30" parent="Plants" instance=ExtResource("9_ltvp3")]
transform = Transform3D(-0.464533, 0, 0.885556, 0, 1, 0, -0.885556, 0, -0.464533, 97.2466, 2, -60.9119)

[node name="plant_b_31" parent="Plants" instance=ExtResource("9_ltvp3")]
transform = Transform3D(-0.859191, 0, 0.267937, 0, 0.9, 0, -0.267937, 0, -0.859191, 81.2616, -3.4, -67.694)

[node name="plant_b_32" parent="Plants" instance=ExtResource("9_ltvp3")]
transform = Transform3D(0.276577, 0, -1.22927, 0, 1.26, 0, 1.22927, 0, 0.276577, 93.6316, 1.1, -108.058)

[node name="plant_a_27" parent="Plants" instance=ExtResource("8_vnqwc")]
transform = Transform3D(-1.12583, 0, -0.65, 0, 1.3, 0, 0.65, 0, -1.12583, 182.436, 14.1947, -94.5854)

[node name="plant_a_28" parent="Plants" instance=ExtResource("8_vnqwc")]
transform = Transform3D(0.235525, 0, 0.878992, 0, 0.91, 0, -0.878992, 0, 0.235525, 212.838, 10.7374, -131.649)

[node name="plant_a_29" parent="Plants" instance=ExtResource("8_vnqwc")]
transform = Transform3D(0.615295, 0, 0.164868, 0, 0.637, 0, -0.164868, 0, 0.615295, 176.304, 13.8858, -124.759)

[node name="plant_b_22" parent="Plants" instance=ExtResource("9_ltvp3")]
transform = Transform3D(-0.845075, 0, 0.534647, 0, 1, 0, -0.534647, 0, -0.845075, 216.126, 12.0755, -102.655)

[node name="plant_b_23" parent="Plants" instance=ExtResource("9_ltvp3")]
transform = Transform3D(-0.87805, 0, -0.197555, 0, 0.9, 0, 0.197555, 0, -0.87805, 190.366, 11.7, -115.249)

[node name="plant_b_24" parent="Plants" instance=ExtResource("9_ltvp3")]
transform = Transform3D(0.854158, 0, -0.926291, 0, 1.26, 0, 0.926291, 0, 0.854158, 189.4, 12.6, -140.862)

[node name="plant_a_30" parent="Plants" instance=ExtResource("8_vnqwc")]
transform = Transform3D(0.336465, 0, 1.2557, 0, 1.3, 0, -1.2557, 0, 0.336465, 114.535, 15.2, -252.758)

[node name="plant_a_31" parent="Plants" instance=ExtResource("8_vnqwc")]
transform = Transform3D(0.455, 0, -0.788083, 0, 0.91, 0, 0.788083, 0, 0.455, 120.808, 15.2, -224.148)

[node name="plant_a_32" parent="Plants" instance=ExtResource("8_vnqwc")]
transform = Transform3D(-0.3185, 0, -0.551658, 0, 0.637, 0, 0.551658, 0, -0.3185, 141.058, 13.8, -239.94)

[node name="plant_b_25" parent="Plants" instance=ExtResource("9_ltvp3")]
transform = Transform3D(0.975611, 0, 0.219506, 0, 1, 0, -0.219506, 0, 0.975611, 89.3583, 18.5, -246.441)

[node name="plant_b_26" parent="Plants" instance=ExtResource("9_ltvp3")]
transform = Transform3D(0.481182, 0, 0.760568, 0, 0.9, 0, -0.760568, 0, 0.481182, 121.454, 15.2, -240.085)

[node name="plant_b_27" parent="Plants" instance=ExtResource("9_ltvp3")]
transform = Transform3D(-1.25897, 0, 0.0510052, 0, 1.26, 0, -0.0510052, 0, -1.25897, 140.247, 15.2, -222.657)

[node name="plant_a_33" parent="Plants" instance=ExtResource("8_vnqwc")]
transform = Transform3D(0.455, 0, -0.788083, 0, 0.91, 0, 0.788083, 0, 0.455, 0.108345, 15.6, -176.648)

[node name="plant_b_28" parent="Plants" instance=ExtResource("9_ltvp3")]
transform = Transform3D(0.481182, 0, 0.760568, 0, 0.9, 0, -0.760568, 0, 0.481182, 0.753502, 17.4, -192.585)

[node name="plant_b_29" parent="Plants" instance=ExtResource("9_ltvp3")]
transform = Transform3D(-1.25897, 0, 0.0510052, 0, 1.26, 0, -0.0510052, 0, -1.25897, 19.5473, 14.6, -175.157)

[node name="plant_b_02" parent="Plants" instance=ExtResource("9_ltvp3")]
transform = Transform3D(0.53808, 0, 0.842894, 0, 1, 0, -0.842894, 0, 0.53808, -198.222, 14.5429, -277.865)

[node name="plant_b_03" parent="Plants" instance=ExtResource("9_ltvp3")]
transform = Transform3D(0.53808, 0, 0.842894, 0, 1, 0, -0.842894, 0, 0.53808, -261.96, 15.1285, -212.711)

[node name="plant_b_04" parent="Plants" instance=ExtResource("9_ltvp3")]
transform = Transform3D(0.53808, 0, 0.842894, 0, 1, 0, -0.842894, 0, 0.53808, -166.315, 40.8471, -83.8458)

[node name="plant_a_39" parent="Plants" instance=ExtResource("8_vnqwc")]
transform = Transform3D(-1.34192, 0, -0.813179, 0, 1.56909, 0, 0.813179, 0, -1.34192, -108.845, -2.37305, 223.861)

[node name="plant_a_40" parent="Plants" instance=ExtResource("8_vnqwc")]
transform = Transform3D(0.738268, 0, 0.214696, 0, 0.768852, 0, -0.214696, 0, 0.738268, -120.858, 12.2699, 178.298)

[node name="plant_b_37" parent="Plants" instance=ExtResource("9_ltvp3")]
transform = Transform3D(-1.03345, 0, 0.62354, 0, 1.20699, 0, -0.62354, 0, -1.03345, -73.4649, 0.786571, 196.891)

[node name="plant_b_38" parent="Plants" instance=ExtResource("9_ltvp3")]
transform = Transform3D(-1.0545, 0, -0.260865, 0, 1.08629, 0, 0.260865, 0, -1.0545, -98.6328, 4.70053, 189.898)

[node name="plant_b_39" parent="Plants" instance=ExtResource("9_ltvp3")]
transform = Transform3D(1.05443, 0, -1.09591, 0, 1.52081, 0, 1.09591, 0, 1.05443, -95.0996, 15.9308, 159.129)

[node name="plant_b_40" parent="Plants" instance=ExtResource("9_ltvp3")]
transform = Transform3D(-0.33953, 0, -1.15825, 0, 1.20699, 0, 1.15825, 0, -0.33953, -147.039, 9.599, 183.953)

[node name="plant_a_41" parent="Plants" instance=ExtResource("8_vnqwc")]
transform = Transform3D(-0.833853, 0, -1.32918, 0, 1.56909, 0, 1.32918, 0, -0.833853, 146.111, 1.76835, 215.658)

[node name="plant_b_41" parent="Plants" instance=ExtResource("9_ltvp3")]
transform = Transform3D(-0.82506, 0, -0.706613, 0, 1.08629, 0, 0.706613, 0, -0.82506, 139.984, 8.84193, 180.726)

[node name="plant_b_42" parent="Plants" instance=ExtResource("9_ltvp3")]
transform = Transform3D(0.216745, 0, -1.18737, 0, 1.20699, 0, 1.18737, 0, 0.216745, 94.0639, 10.2732, 197.152)

[node name="plant_b_05" parent="Plants" instance=ExtResource("9_ltvp3")]
transform = Transform3D(0.820681, 0, 0.571387, 0, 1, 0, -0.571387, 0, 0.820681, -117.92, 46.0988, -28.7852)

[node name="plant_b_06" parent="Plants" instance=ExtResource("9_ltvp3")]
transform = Transform3D(-0.361136, 0, 0.932513, 0, 1, 0, -0.932513, 0, -0.361136, -132.755, 39.1112, 60.4017)

[node name="plant_b_07" parent="Plants" instance=ExtResource("9_ltvp3")]
transform = Transform3D(-0.361136, 0, 0.932513, 0, 1, 0, -0.932513, 0, -0.361136, 217.673, 23.576, -42.8913)

[node name="plant_b_08" parent="Plants" instance=ExtResource("9_ltvp3")]
transform = Transform3D(-0.361136, 0, 0.932513, 0, 1, 0, -0.932513, 0, -0.361136, 164.48, 19.6557, -188.936)

[node name="plant_b_09" parent="Plants" instance=ExtResource("9_ltvp3")]
transform = Transform3D(-0.886786, 0, 2.28983, 0, 2.45554, 0, -2.28983, 0, -0.886786, 165.867, 0.217556, -333.04)

[node name="plant_b_11" parent="Plants" instance=ExtResource("9_ltvp3")]
transform = Transform3D(-0.886786, 0, 2.28983, 0, 2.45554, 0, -2.28983, 0, -0.886786, -251.141, 3.36867, -333.88)

[node name="plant_b_10" parent="Plants" instance=ExtResource("9_ltvp3")]
transform = Transform3D(-4.82504, 0, 1.61434, 0, 5.08794, 0, -1.61434, 0, -4.82504, 75.1807, -1.54486, -460.924)

[node name="plant_b_12" parent="Plants" instance=ExtResource("9_ltvp3")]
transform = Transform3D(-4.82504, 0, 1.61434, 0, 5.08794, 0, -1.61434, 0, -4.82504, 299.049, 0.756153, 445.683)

[node name="plant_b_15" parent="Plants" instance=ExtResource("9_ltvp3")]
transform = Transform3D(-2.18456, 0, -4.59508, 0, 5.08794, 0, 4.59508, 0, -2.18456, 343.087, 9.81276, 165.532)

[node name="plant_b_14" parent="Plants" instance=ExtResource("9_ltvp3")]
transform = Transform3D(-4.33549, 0, -2.66283, 0, 5.08794, 0, 2.66283, 0, -4.33549, 425.065, -1.67585, -46.71)

[node name="plant_b_13" parent="Plants" instance=ExtResource("9_ltvp3")]
transform = Transform3D(-0.603579, 0, 5.05201, 0, 5.08794, 0, -5.05201, 0, -0.603579, -263.527, 5.80789, 157.496)

[node name="Landscape" type="Node3D" parent="."]

[node name="landscape_a_01" parent="Landscape" instance=ExtResource("10_hsl43")]
transform = Transform3D(5.88156, 0, 0, 0, 5.88156, 0, 0, 0, 5.88156, 0, 0, -802.19)

[node name="landscape_a_06" parent="Landscape" instance=ExtResource("10_hsl43")]
transform = Transform3D(11.7567, 0, 4.4615, 0, 12.5748, 0, -4.4615, 0, 11.7567, 424.748, -33.0533, 887.299)

[node name="landscape_a_07" parent="Landscape" instance=ExtResource("10_hsl43")]
transform = Transform3D(-11.0051, 0, 6.08391, 0, 12.5748, 0, -6.08391, 0, -11.0051, -608.838, -33.0533, 895.933)

[node name="landscape_a_05" parent="Landscape" instance=ExtResource("10_hsl43")]
transform = Transform3D(-5.10569, 0, -3.83848, 0, 6.38765, 0, 3.83848, 0, -5.10569, -645.131, 0, -616.584)

[node name="landscape_a_03" parent="Landscape" instance=ExtResource("10_hsl43")]
transform = Transform3D(6.61258, 0, -1.10206, 0, 6.70379, 0, 1.10206, 0, 6.61258, 781.661, 0, 60.0854)

[node name="landscape_a_04" parent="Landscape" instance=ExtResource("10_hsl43")]
transform = Transform3D(9.08684, 0, 0.54718, 0, 9.1033, 0, -0.54718, 0, 9.08684, -911.155, -6.42916, 73.1835)

[node name="landscape_a_02" parent="Landscape" instance=ExtResource("10_hsl43")]
transform = Transform3D(4.22589, 0, 3.85647, 0, 5.72105, 0, -3.85647, 0, 4.22589, 629.23, 0, -573.534)

[node name="BranchBridges" type="Node3D" parent="."]

[node name="branch_bridge_a_01" parent="BranchBridges" instance=ExtResource("12_bskbt")]
transform = Transform3D(0.911043, 0, -3.40006, 1.70003, 3.04841, 0.455522, 2.94454, -1.76, 0.788986, 10.5, 23.3124, 46.3)

[node name="branch_bridge_a_02" parent="BranchBridges" instance=ExtResource("12_bskbt")]
transform = Transform3D(-3.90879, 0.843735, 0.985257, 1.09568, 3.82197, 1.0739, -0.694332, 1.28136, -3.85191, -42.732, 60.7579, -21.436)

[node name="branch_bridge_a_03" parent="BranchBridges" instance=ExtResource("12_bskbt")]
transform = Transform3D(-1.63723, 0.328189, 2.8174, 0.865784, 3.15563, 0.135529, -2.70109, 0.812552, -1.66428, 3.62982, 96.3973, -34.8163)

[node name="branch_bridge_a_04" parent="BranchBridges" instance=ExtResource("12_bskbt")]
transform = Transform3D(1.11548, -0.0969076, -3.07771, 1.24418, 3.0085, 0.35621, 2.81668, -1.29054, 1.0615, -6.49891, 149.362, 37.6096)

[node name="branch_bridge_b_01" parent="BranchBridges" instance=ExtResource("13_kvija")]
transform = Transform3D(-1.26077, -0.247853, 3.46973, 0.789397, 3.57393, 0.542132, -3.38782, 0.925, -1.16493, 30.3073, 37.9591, -20.4746)

[node name="branch_bridge_b_02" parent="BranchBridges" instance=ExtResource("13_kvija")]
transform = Transform3D(2.36224, -1.30932, 2.93329, 1.45255, 3.68292, 0.474157, -2.86506, 0.787663, 2.65888, 26.2878, 79.0885, 6.55271)

[node name="branch_bridge_c_01" parent="BranchBridges" instance=ExtResource("14_rsk3w")]
transform = Transform3D(-0.257801, 0.18551, 1.67969, 0.210083, 1.68946, -0.154345, -1.67679, 0.183148, -0.277585, -5.79574, 105.672, -36.1253)

[node name="branch_bridge_c2_02" parent="BranchBridges" instance=ExtResource("14_rsk3w")]
transform = Transform3D(-0.0560099, 0.162628, 1.70388, 0.210461, 1.6925, -0.154624, -1.69864, 0.20434, -0.0753398, -15.834, 112.517, -33.9538)

[node name="branch_bridge_c2_03" parent="BranchBridges" instance=ExtResource("14_rsk3w")]
transform = Transform3D(-0.237224, 0.14862, 1.9665, 0.280418, 1.96309, -0.114536, -1.95207, 0.263942, -0.255431, -25.3481, 119.654, -30.7107)

[node name="branch_bridge_c2_05" parent="BranchBridges" instance=ExtResource("14_rsk3w")]
transform = Transform3D(0.632762, -0.231585, -2.42008, 0.354649, 2.48275, -0.144855, 2.40513, -0.305168, 0.658056, 7.79903, 153.796, 32.4328)

[node name="branch_bridge_c2_04" parent="BranchBridges" instance=ExtResource("14_rsk3w")]
transform = Transform3D(2.69591, -0.959679, -0.124278, 0.952727, 2.69669, -0.156766, 0.169528, 0.106212, 2.85733, 26.4805, 108.785, 5.66019)

[node name="LightPlants" type="Node3D" parent="."]

[node name="LightPlant_01" parent="LightPlants" instance=ExtResource("15_0kmjh")]
transform = Transform3D(-0.191167, 0.225794, -0.955234, 0.725788, 0.687701, 0.0173066, 0.660824, -0.689988, -0.295345, -6.09238, -9.09778, -35.973)

[node name="BulbLight_01" type="OmniLight3D" parent="LightPlants/LightPlant_01"]
transform = Transform3D(-0.456179, -0.337548, 0.823384, -0.434067, 0.892132, 0.125246, -0.776844, -0.300269, -0.553491, 7.33904, -0.527718, 1.11533)
light_energy = 6.0
shadow_enabled = true
omni_range = 102.742

[node name="LightPlant_03" parent="LightPlants" instance=ExtResource("15_0kmjh")]
transform = Transform3D(-0.566839, 0.0449697, 0.822601, -0.292329, 0.922553, -0.251872, -0.770219, -0.383241, -0.509793, 25.2017, 36.8775, 29.8972)

[node name="BulbLight_02" type="OmniLight3D" parent="LightPlants/LightPlant_03"]
transform = Transform3D(-0.120309, -0.375836, -0.918844, 0.0449695, 0.922553, -0.383242, 0.991717, -0.0874278, -0.0940911, 7.64066, -0.970539, 0.433413)
light_energy = 6.0
shadow_enabled = true
omni_range = 33.9556

[node name="LightPlant_05" parent="LightPlants" instance=ExtResource("15_0kmjh")]
transform = Transform3D(-0.324272, -0.210844, -0.922168, -0.731973, 0.67344, 0.103417, 0.599218, 0.708537, -0.37271, 42.392, 57.4384, -14.3136)

[node name="BulbLight_02" type="OmniLight3D" parent="LightPlants/LightPlant_05"]
transform = Transform3D(-0.120309, -0.375836, -0.918844, 0.0449695, 0.922553, -0.383242, 0.991717, -0.0874278, -0.0940911, 7.64066, -0.970539, 0.433413)
light_energy = 6.0
shadow_enabled = true
omni_range = 25.0

[node name="LightPlant_06" parent="LightPlants" instance=ExtResource("15_0kmjh")]
transform = Transform3D(-0.229268, 0.114934, -0.966554, 0.0597889, 0.992792, 0.103872, 0.971525, -0.0339756, -0.234488, -4.11326, 68.6688, -31.446)

[node name="BulbLight_02" type="OmniLight3D" parent="LightPlants/LightPlant_06"]
transform = Transform3D(-0.120309, -0.375836, -0.918844, 0.0449695, 0.922553, -0.383242, 0.991717, -0.0874278, -0.0940911, 7.64066, -0.970539, 0.433413)
light_energy = 6.0
shadow_enabled = true
omni_range = 25.0

[node name="LightPlant_07" parent="LightPlants" instance=ExtResource("15_0kmjh")]
transform = Transform3D(0.990565, -0.0718639, 0.116684, 0.0597889, 0.992792, 0.103872, -0.123308, -0.0959153, 0.987723, -44.1835, 68.6688, 8.48825)

[node name="BulbLight_02" type="OmniLight3D" parent="LightPlants/LightPlant_07"]
transform = Transform3D(-0.120309, -0.375836, -0.918844, 0.0449695, 0.922553, -0.383242, 0.991717, -0.0874278, -0.0940911, 7.64066, -0.970539, 0.433413)
light_energy = 6.0
shadow_enabled = true
omni_range = 25.0

[node name="LightPlant_08" parent="LightPlants" instance=ExtResource("15_0kmjh")]
transform = Transform3D(-0.614324, -0.0454216, 0.787746, 0.0597889, 0.992792, 0.103872, -0.786785, 0.11091, -0.60718, 22.4483, 89.4014, 31.4218)

[node name="BulbLight_02" type="OmniLight3D" parent="LightPlants/LightPlant_08"]
transform = Transform3D(-0.120309, -0.375836, -0.918844, 0.0449695, 0.922553, -0.383242, 0.991717, -0.0874278, -0.0940911, 7.64066, -0.970539, 0.433413)
light_energy = 6.0
shadow_enabled = true
omni_range = 31.1012

[node name="LightPlant_09" parent="LightPlants" instance=ExtResource("15_0kmjh")]
transform = Transform3D(0.167258, 0.0926229, -0.981553, -0.70958, 0.702505, -0.054622, 0.684486, 0.705626, 0.183222, -6.60529, 124.97, -32.3324)

[node name="BulbLight_02" type="OmniLight3D" parent="LightPlants/LightPlant_09"]
transform = Transform3D(-0.120309, -0.375836, -0.918844, 0.0449695, 0.922553, -0.383242, 0.991717, -0.0874278, -0.0940911, 7.64066, -0.970539, 0.433413)
light_energy = 12.0
shadow_enabled = true
omni_range = 56.0415

[node name="LightPlant_10" parent="LightPlants" instance=ExtResource("15_0kmjh")]
transform = Transform3D(0.645166, 0.678916, 0.350476, -0.70958, 0.702505, -0.054622, -0.283295, -0.21345, 0.934978, -31.622, 169.384, 6.78877)

[node name="BulbLight_02" type="OmniLight3D" parent="LightPlants/LightPlant_10"]
transform = Transform3D(-0.120309, -0.375836, -0.918844, 0.0449695, 0.922553, -0.383242, 0.991717, -0.0874278, -0.0940911, 7.64066, -0.970539, 0.433413)
light_energy = 12.0
shadow_enabled = true
omni_range = 34.8447

[node name="LightPlant_04" parent="LightPlants" instance=ExtResource("15_0kmjh")]
transform = Transform3D(1.22198, 0.346248, 1.31154, -0.425612, 1.77396, -0.0717839, -1.28797, -0.2577, 1.26805, 19.7768, 32.0907, -30.6588)

[node name="BulbLight_03" type="OmniLight3D" parent="LightPlants/LightPlant_04"]
transform = Transform3D(-0.272765, 0.0268077, 0.474225, -0.00533488, 0.546651, -0.0339703, -0.474951, -0.0215359, -0.271967, 7.24927, -0.95438, 0.383214)
light_energy = 10.0
shadow_enabled = true
omni_range = 75.3302

[node name="ForestGod" parent="." instance=ExtResource("15_iupkp")]
transform = Transform3D(1, 0, 0, 0, 1, 0, 0, 0, 1, 0, 0, 10.3314)

[node name="EnvironmentArea" type="Area3D" parent="."]
collision_layer = 3
collision_mask = 4
script = ExtResource("16_d2j8p")
has_directional_light = false
gravity_override = 8.0
world_environment_node = NodePath("../ForestEnvironment")
target_environment = ExtResource("1_kpodi")
directional_light_node = NodePath("../DirectionalLight3D")

[node name="CollisionShape3D" type="CollisionShape3D" parent="EnvironmentArea"]
transform = Transform3D(0.892082, 0, -0.451874, 0, 1, 0, 0.451874, 0, 0.892082, 6.2385, 202.456, -2.93707)
shape = SubResource("BoxShape3D_u442v")

[node name="ForestTemple" parent="." instance=ExtResource("18_ht1vt")]
transform = Transform3D(0.757485, 0, 0.652852, 0, 1, 0, -0.652852, 0, 0.757485, 110.389, 262.487, 21.4391)

[node name="TreeTunnel" parent="." instance=ExtResource("18_h042b")]
transform = Transform3D(1, 0, 0, 0, 1, 0, 0, 0, 1, -1.5193, 180.867, 2.07367)
